1212323466 200
61 0 1 3 7 9 10 17 23 27 28 30 32 34 35 39 41 46 52 54 59 60 61 64 65 69 72 77 82 84 87 89 93 103 110 112 117 123 124 126 132 134 137 138 140 141 145 146 147 148 154 155 159 162 169 170 178 181 187 193 194 197
69 0 1 4 6 7 9 10 11 14 19 20 24 25 27 30 36 38 43 45 49 50 53 54 55 59 61 63 67 69 70 71 72 81 83 84 91 93 94 102 105 106 108 110 113 114 121 127 129 130 134 136 137 139 141 147 156 158 159 167 168 170 174 180 182 183 188 192 193 197
62 0 1 2 4 10 12 14 23 25 30 34 35 38 39 44 54 56 60 64 67 70 72 75 80 83 86 87 96 97 102 104 105 110 113 116 117 118 124 125 126 129 133 136 140 143 147 148 154 155 156 158 162 164 169 171 172 179 191 192 193 194 197
69 0 2 3 4 5 7 9 12 14 22 23 25 26 30 41 44 45 46 50 53 54 56 61 63 67 78 80 84 89 90 92 93 100 101 103 105 107 111 113 114 118 122 123 124 126 127 134 137 139 143 145 148 150 152 158 159 161 163 164 166 167 169 170 171 182 185 188 190 192
66 2 3 4 9 10 21 22 29 30 35 38 39 41 43 46 52 54 55 57 58 60 69 70 72 74 77 79 80 81 83 84 96 104 105 106 107 108 112 118 124 125 127 133 141 149 150 152 154 156 157 161 163 164 170 172 175 176 180 183 186 187 190 193 194 195 199
77 1 2 4 5 6 8 11 15 16 26 29 30 31 37 39 42 51 52 55 56 62 63 65 66 67 70 72 76 77 78 85 88 89 91 92 93 94 96 102 103 104 109 110 113 115 118 119 122 127 129 130 136 137 140 144 145 149 150 153 159 160 163 164 165 170 172 174 179 181 182 183 184 186 188 189 191 195
74 2 5 6 7 8 9 11 12 14 15 16 19 20 22 23 24 27 30 31 32 34 38 39 45 56 57 59 60 63 67 70 72 79 83 85 88 96 97 102 107 109 110 115 116 117 120 122 123 124 128 131 132 133 136 138 139 140 144 153 160 161 168 170 173 177 181 183 184 185 186 187 191 196 197
67 1 2 3 5 6 7 9 14 15 17 18 21 22 23 24 27 29 30 31 33 34 35 38 40 41 45 49 53 54 59 61 63 73 78 80 81 85 87 90 94 99 105 108 109 111 114 118 119 125 132 134 136 137 140 147 151 152 154 160 162 163 179 184 188 191 192 196
54 0 2 3 5 7 8 10 19 23 25 27 38 42 44 45 47 49 53 58 61 64 65 70 71 72 77 79 83 86 87 108 110 113 115 118 131 139 141 144 147 151 154 161 162 163 167 172 177 184 185 192 194 197 199
60 0 2 9 11 12 16 22 24 29 31 33 38 39 40 44 46 53 54 57 58 60 62 75 77 80 84 90 95 97 104 106 113 114 116 118 119 122 128 130 136 142 143 144 145 146 147 150 153 160 162 165 169 172 179 181 185 190 192 197 198
66 0 8 9 10 12 13 15 17 18 20 21 22 24 29 30 32 33 34 36 41 45 49 50 53 58 59 64 67 69 76 80 82 92 93 99 102 108 113 114 115 116 120 123 131 134 135 138 146 151 155 158 161 162 166 167 168 177 178 185 186 189 192 193 196 198 199
61 0 4 10 11 13 17 26 28 32 35 37 46 50 51 56 57 59 60 61 63 71 73 75 79 83 85 87 91 93 96 99 102 105 107 108 110 115 120 121 124 128 130 131 132 135 137 140 146 149 150 152 157 165 179 180 181 183 189 190 191 198
68 9 12 13 16 17 19 25 26 29 30 31 35 38 45 46 52 53 54 55 57 58 60 68 70 73 75 76 79 83 87 100 107 114 116 117 121 123 128 129 134 135 139 140 141 142 143 145 148 152 153 160 163 164 165 166 171 172 174 183 184 185 186 188 191 194 195 196 199
68 0 1 4 9 10 13 14 16 19 21 28 31 35 37 38 49 51 56 58 63 66 67 69 71 73 74 78 83 85 88 92 101 102 104 105 110 111 113 119 120 122 124 129 130 131 132 141 142 147 149 150 151 154 155 156 160 161 162 163 167 169 175 181 182 187 191 195 199
55 0 7 9 14 21 22 25 26 28 29 32 37 38 43 46 48 54 59 65 69 70 78 80 83 84 87 92 98 100 103 116 120 121 123 127 130 131 132 138 139 143 146 149 150 152 153 158 170 171 181 183 185 190 196 198
59 0 4 7 9 10 12 15 17 23 26 29 34 39 42 54 56 58 64 70 77 79 81 84 85 86 87 90 95 97 99 102 105 108 112 119 121 129 130 131 134 141 145 146 148 149 152 155 159 160 163 169 171 173 179 180 183 184 185 196
56 12 14 16 17 19 22 25 26 27 28 29 31 32 36 40 42 45 50 52 55 58 63 65 72 77 78 84 89 91 93 107 111 113 114 122 128 131 132 135 140 142 144 146 149 153 156 158 170 177 184 186 188 193 194 197 199
86 0 1 5 7 9 10 12 14 16 17 18 19 25 27 31 33 36 37 39 41 43 46 47 48 55 56 58 61 62 63 64 66 76 79 81 84 85 86 91 92 95 96 98 103 104 108 109 110 111 115 116 122 123 128 131 133 136 139 140 147 148 152 153 156 160 161 165 166 167 169 170 171 174 175 177 179 180 181 182 184 185 190 191 192 193 196
63 0 1 4 7 9 11 15 18 20 26 30 44 46 47 48 57 58 61 62 64 69 72 76 77 80 84 91 92 93 98 102 103 106 108 109 111 115 122 124 125 129 133 134 136 137 138 140 150 151 152 154 155 158 162 167 168 172 174 179 184 188 192 199
63 2 5 9 12 17 19 24 25 31 32 41 43 47 48 49 51 54 55 56 61 75 76 78 80 81 83 84 93 96 97 98 102 108 110 113 115 117 120 122 124 128 129 130 138 139 141 143 159 161 162 167 168 176 177 179 181 185 190 191 193 194 196 198
60 6 11 13 18 19 20 30 33 34 39 41 44 46 49 50 51 59 60 69 70 71 72 73 77 79 87 94 95 97 99 100 102 103 105 108 110 111 115 118 125 131 137 138 139 143 150 158 165 170 171 172 174 175 184 187 189 190 191 193 198
59 0 1 2 6 8 10 15 17 18 20 21 28 29 30 40 43 45 46 49 50 57 59 60 64 66 69 71 77 82 83 90 99 100 104 113 114 116 117 120 125 131 136 137 144 152 159 160 161 162 165 170 173 176 178 183 185 186 187 199
68 0 2 3 7 12 13 15 16 17 21 22 23 26 30 32 37 39 40 42 43 47 51 53 54 56 63 64 67 68 73 79 81 82 86 87 89 95 96 103 104 108 109 110 112 113 114 117 120 122 124 133 135 147 148 152 159 165 170 173 178 183 184 186 190 193 195 196 198
61 0 2 4 15 19 23 29 30 31 36 39 41 44 46 47 52 56 60 61 67 70 71 73 75 91 95 97 100 101 108 109 111 113 117 118 128 131 134 137 139 141 142 143 145 150 154 155 156 160 162 167 168 175 179 182 186 188 190 191 193 196
68 5 8 14 16 17 18 20 24 25 29 35 36 39 42 43 47 49 52 56 58 64 68 72 80 83 85 89 90 91 92 94 102 109 115 120 124 126 127 130 135 142 143 144 146 147 148 149 150 151 153 154 155 159 160 164 165 168 169 170 178 179 181 182 185 191 192 193 198
77 4 5 12 13 17 18 19 20 25 27 29 31 32 34 36 37 38 39 51 53 56 58 59 60 61 63 64 67 69 70 74 77 79 80 83 84 88 91 92 93 99 101 105 107 108 110 118 119 120 125 128 132 136 141 145 148 151 153 156 160 162 165 169 172 174 175 180 184 189 190 192 193 194 195 196 198 199
64 5 10 20 23 26 31 32 37 40 42 43 45 47 52 54 55 59 60 61 64 66 67 72 74 78 80 83 84 87 92 94 100 104 105 108 117 118 121 126 127 128 131 137 138 141 146 147 150 153 155 158 159 160 167 169 172 175 178 179 181 182 185 192 197
73 0 2 7 8 11 13 14 15 16 18 21 26 27 30 35 36 40 41 43 50 51 52 55 58 61 64 66 69 72 73 74 75 78 81 83 86 88 92 96 100 104 107 110 113 114 119 120 121 123 130 136 138 139 141 142 144 147 158 163 167 172 176 179 180 182 183 184 186 189 191 195 196 199
69 0 3 5 7 8 10 11 12 14 16 20 21 23 25 27 28 31 32 33 34 38 44 51 54 55 56 59 60 61 62 66 68 71 78 84 86 87 88 89 96 99 105 107 109 116 118 121 126 128 130 132 136 150 152 156 157 161 167 169 171 172 173 175 181 182 185 187 194 197
66 3 9 21 26 29 33 36 37 38 43 46 48 50 51 53 61 62 63 64 65 66 68 70 77 78 80 83 84 86 89 92 97 98 100 103 108 109 110 123 125 126 127 139 141 142 145 146 148 150 151 154 156 160 162 167 168 172 174 177 179 182 187 189 192 194 198
67 1 2 3 4 7 8 10 12 13 16 21 22 23 26 29 30 34 37 51 56 58 59 61 65 67 77 81 84 85 88 92 96 97 102 103 104 107 108 112 115 124 125 133 140 141 144 145 149 151 156 159 163 166 167 169 175 179 180 181 188 189 190 191 193 194 195 196
63 2 5 9 15 23 26 27 29 31 36 38 41 48 51 56 58 62 64 65 70 72 77 82 92 95 96 102 108 111 112 117 119 120 123 125 126 127 129 136 141 142 149 151 152 155 157 160 163 165 166 167 169 176 177 182 183 185 186 187 188 189 195 196
60 0 3 6 14 15 18 20 23 26 30 32 33 38 40 41 43 50 54 55 56 61 63 64 71 77 79 80 81 83 84 92 95 98 100 101 102 104 111 112 116 119 129 136 137 142 147 151 153 156 157 162 163 168 172 174 178 180 182 186 198
74 4 9 10 16 18 19 20 21 23 27 29 30 31 32 33 34 35 36 37 39 50 52 55 60 61 63 64 69 74 78 79 81 82 84 85 89 92 94 97 98 100 101 104 105 110 112 114 115 117 120 124 125 129 132 136 139 140 144 146 147 148 149 150 151 154 169 170 174 176 177 181 185 194 195
58 2 3 5 10 12 14 18 20 26 31 33 34 36 40 42 44 45 51 52 57 64 65 70 71 74 76 82 84 85 86 87 95 102 104 105 113 117 122 123 128 131 134 136 142 143 144 154 159 163 164 166 176 179 180 185 191 195 198
75 2 9 11 12 14 17 22 26 30 31 33 34 35 37 38 39 40 41 43 45 48 53 54 55 59 60 62 64 66 69 72 75 77 80 81 82 86 87 90 94 95 96 101 102 106 108 112 114 115 119 123 129 133 144 145 146 147 148 149 155 156 160 163 167 169 170 171 172 175 184 188 191 193 196 197
63 0 3 4 6 7 9 11 13 16 18 25 26 31 36 40 41 42 43 44 48 50 52 54 61 65 67 75 76 77 87 101 102 103 104 106 108 110 111 113 115 116 124 132 139 142 145 147 151 152 159 164 165 167 172 174 177 179 184 190 193 194 196 198
62 1 3 10 13 15 21 23 25 26 28 32 37 39 44 48 49 58 64 70 71 72 73 76 77 78 86 87 88 89 93 95 96 99 100 105 107 109 114 116 121 123 125 126 129 137 140 142 144 145 151 154 157 158 163 167 168 173 181 183 187 190 196
64 0 2 5 6 11 19 30 31 32 36 38 41 43 45 53 57 58 59 61 63 64 65 66 67 68 72 73 79 80 85 87 88 92 94 98 101 102 103 105 110 113 116 122 123 127 130 136 140 141 143 144 147 151 153 156 168 169 180 181 182 188 193 195 199
58 1 4 5 9 12 13 15 17 19 26 29 31 33 35 37 39 42 47 49 50 57 58 60 68 71 76 88 90 96 97 108 111 112 117 120 124 126 128 129 134 138 139 143 146 148 150 151 156 161 163 167 168 174 177 178 181 182 196
59 5 11 12 13 16 20 26 28 31 33 35 40 46 50 51 53 58 65 66 71 72 73 78 80 85 86 88 89 93 95 99 103 104 105 111 115 118 125 129 133 136 138 145 150 151 155 156 157 160 168 169 175 177 178 181 183 184 185 193
69 0 4 5 11 16 19 25 35 41 42 51 59 60 63 66 70 71 72 73 77 79 81 82 85 89 91 93 96 99 100 105 108 109 110 112 113 114 115 121 125 126 127 130 132 136 138 148 151 155 156 158 159 162 165 167 168 169 170 171 175 176 178 179 181 184 187 192 196 197
65 0 15 17 18 24 34 35 37 38 39 42 48 51 52 53 55 57 59 60 68 70 75 79 81 91 95 96 99 100 104 114 116 120 121 122 123 125 128 129 131 134 135 138 140 142 145 146 147 153 156 158 160 161 162 163 171 174 175 181 183 189 190 196 198 199
68 0 1 3 9 15 16 25 26 28 29 31 36 41 42 43 45 51 53 58 59 61 63 70 72 83 84 85 87 94 101 102 104 107 118 119 121 123 130 131 132 133 138 139 148 150 151 156 159 160 164 165 170 172 175 177 179 181 182 183 184 187 190 191 192 193 194 195 199
59 3 5 6 7 15 18 23 27 28 29 34 38 42 44 45 49 50 56 58 59 62 63 64 67 75 83 84 91 96 98 100 103 107 108 110 112 114 118 121 123 124 125 130 134 139 146 155 159 160 162 164 167 168 173 182 183 191 192 195
59 1 7 9 22 28 30 31 33 34 36 39 45 46 51 52 60 61 73 75 78 87 88 89 90 91 96 98 100 101 105 106 109 112 121 123 131 132 133 136 137 145 146 147 150 152 160 162 163 164 166 167 172 182 183 187 189 190 194 198
64 0 3 4 6 8 10 12 13 15 18 23 26 27 28 30 32 38 46 49 53 55 61 62 63 66 71 73 74 75 76 80 82 90 93 94 99 100 104 106 108 112 114 116 118 124 126 127 130 132 136 157 158 161 166 175 176 181 184 185 187 188 189 191 194
50 0 4 5 6 10 13 17 19 23 26 28 32 35 42 44 46 47 55 60 64 71 76 79 85 90 91 92 102 104 105 108 110 114 125 128 130 136 143 147 149 153 155 156 162 173 178 184 186 196 198
66 2 3 7 9 11 14 15 27 28 31 32 43 45 48 50 55 66 67 69 78 83 85 88 89 90 91 96 97 98 100 105 106 107 111 114 115 116 118 121 126 130 132 135 136 145 149 154 156 158 163 164 165 166 168 172 173 174 180 184 185 186 191 192 194 197 198
49 7 8 12 14 23 28 29 37 44 45 49 50 51 53 54 56 59 68 70 73 79 85 86 90 97 101 110 117 119 121 132 137 142 143 144 149 153 155 162 163 165 166 175 184 189 191 192 193 197
67 2 3 4 8 9 15 19 20 23 26 28 29 32 33 34 35 40 44 46 49 50 52 54 55 58 59 62 66 69 74 78 79 80 82 88 89 98 99 100 102 107 108 109 116 117 118 123 124 131 132 135 143 144 147 152 154 155 158 160 162 163 179 185 188 189 196 198
75 4 8 11 13 16 17 20 21 22 24 28 29 30 34 36 38 40 44 46 51 52 53 56 58 59 60 61 64 74 76 78 85 89 101 104 106 107 110 112 116 117 118 119 123 124 125 126 127 133 135 136 138 139 141 144 145 146 149 158 160 161 163 164 168 171 172 177 180 182 188 189 190 197 198 199
65 2 8 10 12 18 20 21 23 24 27 28 30 37 38 39 40 45 48 52 53 60 64 67 68 69 71 75 77 80 87 91 93 97 99 102 103 104 109 112 116 117 120 121 123 127 128 131 136 137 141 148 153 155 157 159 160 163 165 166 169 170 186 190 191 197
66 1 2 3 5 11 13 15 17 20 22 23 31 34 36 42 44 46 50 51 53 57 58 61 65 66 69 73 74 77 80 82 87 90 91 93 96 98 99 102 106 113 116 118 120 121 126 129 135 139 140 144 147 148 149 150 151 153 154 157 160 167 169 180 181 186 194
59 1 4 7 9 10 11 22 24 26 27 28 36 40 42 44 54 55 63 70 72 73 77 80 82 88 94 97 98 101 107 113 114 116 120 127 128 132 133 134 137 141 143 144 145 151 152 153 155 161 167 171 176 180 186 187 191 194 195 199
72 0 1 4 5 8 9 13 16 19 20 21 24 25 29 30 32 40 45 53 55 59 63 65 66 68 77 78 79 80 83 85 88 89 92 96 98 102 103 105 108 117 118 119 121 123 126 128 129 130 131 134 138 142 144 148 158 159 167 170 172 177 178 180 182 184 189 191 193 194 195 196 198
71 0 8 10 11 12 14 16 18 25 29 35 38 43 45 46 48 52 53 54 56 57 58 61 63 71 73 74 76 79 82 83 84 94 103 104 105 110 112 114 115 118 122 123 126 128 131 133 134 138 143 145 148 149 152 154 156 157 160 163 164 165 172 174 175 184 187 189 193 194 196 199
68 3 5 6 9 11 12 13 20 21 27 34 36 42 43 50 52 54 56 57 62 64 70 71 73 74 76 79 81 93 94 107 109 113 114 119 122 124 125 131 133 134 135 142 143 144 145 146 148 150 152 154 162 165 166 167 171 176 177 179 182 185 188 190 191 194 196 197 198
58 4 5 8 11 12 23 25 26 30 43 45 46 48 54 56 58 61 66 67 73 74 76 81 83 85 90 92 93 96 106 108 116 118 122 123 126 128 130 131 134 136 139 144 146 147 148 151 157 159 164 166 167 168 173 185 192 194 199
55 0 3 5 8 9 19 23 24 27 37 46 51 56 59 60 68 69 71 77 78 80 84 86 87 90 99 123 125 126 128 134 140 141 145 147 153 159 166 167 169 171 172 176 178 180 181 182 183 185 187 188 191 192 195 199
69 4 5 6 8 14 18 19 21 23 29 30 31 32 33 34 35 42 47 57 59 60 61 63 65 66 73 78 79 81 82 85 90 94 96 98 100 101 104 105 107 110 111 112 115 124 126 128 130 132 133 134 136 137 142 150 154 162 164 165 168 169 173 175 177 179 183 186 196 199
65 2 5 7 8 9 14 15 17 18 19 21 22 25 26 27 30 31 34 35 41 42 51 52 56 58 61 62 67 82 84 89 102 103 105 108 110 112 114 119 120 121 122 131 134 137 138 140 144 146 150 151 157 162 165 170 172 175 176 180 181 185 186 190 198 199
64 0 4 6 8 9 14 17 23 29 30 33 40 41 44 46 47 49 50 52 62 63 65 66 67 71 73 76 79 80 84 86 87 89 90 91 92 96 100 101 103 110 113 119 123 126 129 131 134 136 137 139 146 148 156 160 168 169 175 176 178 184 187 188 193
69 0 4 10 11 12 15 16 19 21 22 25 26 27 32 39 43 45 49 52 53 54 58 59 60 62 63 64 76 77 84 89 90 100 103 104 108 112 113 116 118 120 123 125 126 127 129 134 136 137 140 144 147 148 149 152 157 163 172 179 180 181 185 186 188 190 192 194 196 199
65 1 5 6 9 10 14 27 46 47 51 55 56 57 62 63 64 73 77 78 79 80 81 83 84 88 91 92 95 96 99 102 103 105 108 109 111 113 115 118 120 122 124 125 129 130 134 135 137 141 149 151 159 166 169 171 172 179 180 181 184 187 189 192 195 196
54 4 7 9 10 12 13 15 18 25 29 30 37 41 42 43 54 57 58 60 61 65 69 71 72 73 76 79 81 100 102 104 110 112 113 115 118 122 128 135 139 141 147 153 163 169 171 177 184 188 189 191 194 195 199
61 14 15 18 21 23 31 33 34 39 41 50 54 57 58 65 66 67 71 72 75 76 83 84 88 96 99 103 104 110 112 113 117 118 120 121 122 127 130 132 138 144 146 148 149 153 154 155 156 162 165 167 169 173 177 178 184 189 193 195 197 198
61 1 6 8 13 14 15 17 18 20 28 30 31 33 36 38 41 43 45 48 49 51 64 66 67 73 86 87 90 91 95 96 99 102 103 109 111 116 117 119 121 125 129 131 133 136 139 146 150 158 160 164 170 172 174 175 177 181 185 186 189 193
65 1 4 5 7 11 14 17 18 23 34 37 38 39 42 43 46 47 51 52 53 55 56 57 59 67 68 73 79 81 85 87 97 102 103 107 108 111 114 116 117 121 124 126 128 130 132 137 138 143 144 146 147 148 154 161 162 169 174 177 185 189 192 195 196 198
58 4 8 10 12 17 22 23 30 32 33 36 43 45 46 49 51 54 61 64 65 69 71 73 75 76 77 78 81 86 87 91 94 96 97 112 117 120 121 123 138 143 149 152 154 155 164 165 176 178 182 185 186 187 191 196 197 198 199
67 5 7 12 13 14 16 18 21 23 27 33 36 38 39 41 44 45 46 48 55 69 70 71 72 73 79 80 81 82 87 91 94 96 98 102 103 107 109 113 114 117 125 127 128 131 134 135 137 140 141 142 148 150 154 157 158 163 165 170 177 179 184 186 187 189 193 199
58 3 7 8 11 13 16 23 27 28 29 31 33 34 37 39 54 55 57 63 66 69 70 71 76 80 82 84 85 87 88 92 93 98 102 116 118 123 126 132 141 143 148 149 153 157 159 168 169 170 174 175 177 180 183 185 189 195 197
65 0 1 5 9 13 14 22 24 31 34 37 41 44 49 55 56 57 59 61 62 65 68 72 73 74 75 76 78 80 83 86 89 90 91 92 93 95 96 97 101 102 106 107 109 110 116 119 120 121 123 128 129 136 140 143 145 159 161 165 169 173 178 179 183 189
74 5 6 9 12 15 17 18 20 24 28 36 37 38 42 45 52 53 54 55 59 60 61 62 64 65 66 68 73 74 76 79 81 82 85 92 93 94 95 96 97 98 99 108 110 113 115 121 122 128 129 131 134 136 138 139 143 145 146 148 151 152 154 160 162 163 168 169 174 182 183 186 187 195 199
55 1 16 17 18 21 26 29 33 37 42 45 46 51 52 54 62 66 69 74 79 80 88 90 91 93 95 100 103 109 112 113 117 121 122 126 129 135 140 143 144 148 150 153 159 164 170 175 180 183 188 190 191 193 195 197
64 2 6 9 10 21 25 27 28 31 32 34 37 38 40 43 47 48 51 52 56 57 59 61 71 75 76 79 80 81 82 83 84 89 96 97 98 109 112 114 116 119 120 123 124 125 127 140 143 144 145 149 152 157 159 161 164 166 173 174 177 179 181 183 198
56 0 6 9 11 13 16 18 20 25 29 35 49 50 56 57 61 63 65 71 76 80 82 89 96 100 110 114 115 119 123 133 134 135 137 140 142 143 144 146 152 154 157 158 160 166 167 171 172 174 179 180 182 183 187 197 198
63 2 4 6 7 10 12 13 14 17 19 21 22 28 31 36 38 39 44 47 52 60 61 62 66 74 77 78 83 87 91 95 100 105 107 108 110 115 116 117 118 123 124 127 129 139 140 145 146 147 148 149 153 156 167 168 170 173 184 186 190 191 195 198
64 4 12 15 16 17 23 25 26 27 28 31 32 36 50 52 55 61 65 67 68 69 70 75 78 79 80 83 87 88 91 94 96 101 103 105 106 107 111 112 114 120 126 128 136 137 139 146 152 154 155 159 161 164 169 173 179 182 183 186 187 189 190 191 197
59 4 5 6 10 18 21 22 23 25 26 29 31 32 33 44 45 48 52 53 58 65 70 72 73 79 87 93 95 99 100 104 108 109 111 113 119 129 131 134 136 138 140 141 145 147 150 156 157 161 165 166 167 168 180 184 186 192 195 196
64 2 8 9 16 17 20 23 45 47 48 49 50 51 52 53 54 55 56 58 62 66 70 71 78 80 81 82 93 102 103 105 106 109 110 111 115 121 122 128 129 130 131 132 133 135 138 139 148 150 151 153 156 160 166 167 174 176 178 181 183 186 188 193 196
82 4 5 8 9 10 13 14 15 16 18 20 21 25 26 28 31 33 34 35 41 43 44 48 49 50 52 53 55 56 64 66 72 73 74 76 77 78 81 82 85 86 87 90 94 97 100 105 107 108 109 113 114 115 117 122 123 124 126 130 131 141 142 145 150 151 155 157 159 163 167 171 173 176 178 179 180 185 191 195 196 197 199
65 2 3 6 8 12 13 14 19 22 24 27 28 32 37 40 41 42 51 53 56 57 60 62 68 69 70 71 74 75 76 78 79 80 82 83 86 87 89 93 98 99 106 108 114 116 123 128 132 135 138 144 145 150 153 155 157 159 160 162 164 168 170 174 183 190
56 1 7 8 9 10 15 17 20 23 25 32 33 36 37 40 43 44 46 53 55 56 59 60 68 72 76 83 85 87 94 97 99 101 113 126 128 129 135 136 137 140 142 143 150 151 159 163 164 168 169 183 184 187 192 194 196
65 0 4 6 9 16 17 19 25 28 30 34 36 37 40 41 44 48 49 51 58 62 66 68 69 70 71 74 84 86 87 89 91 95 96 101 104 105 106 108 110 115 119 124 127 128 129 135 137 149 151 152 154 160 161 162 167 168 170 176 182 185 187 191 192 198
76 1 4 6 7 8 14 15 18 19 21 22 23 27 29 32 36 37 38 40 42 47 49 54 57 58 62 63 64 65 67 70 78 79 81 85 87 88 94 99 100 101 103 105 106 108 110 111 112 114 116 120 123 126 132 134 139 144 148 149 150 153 155 156 161 165 168 169 171 179 182 184 186 189 193 194 196
73 1 3 5 6 7 8 12 13 15 16 22 23 26 27 28 29 31 33 35 39 42 44 46 47 48 52 55 56 57 65 69 74 84 86 87 97 98 100 101 102 103 106 107 113 115 117 120 122 127 128 130 132 133 134 136 137 139 142 143 144 151 154 157 165 171 173 178 184 190 192 193 194 197
60 2 3 4 10 15 16 19 25 26 31 40 42 50 57 70 71 73 77 81 82 87 88 93 94 95 96 98 99 104 105 107 114 126 127 134 135 140 141 143 144 146 150 152 153 161 163 164 172 174 175 176 178 180 184 187 192 195 196 197 199
67 3 5 6 11 12 19 21 24 28 30 31 34 37 38 39 40 46 51 57 61 71 74 80 81 84 88 89 92 94 96 100 102 108 110 111 112 114 116 117 122 127 130 131 135 138 139 145 146 149 150 151 154 156 159 163 165 167 170 171 173 174 178 183 191 193 194 195
64 5 9 10 14 17 20 22 32 35 36 40 43 47 48 53 54 56 59 63 68 73 82 83 84 86 88 89 90 91 93 97 106 109 118 120 121 126 127 128 134 135 139 140 142 143 146 149 150 152 154 156 158 162 165 168 169 174 176 180 181 182 185 188 197
61 1 2 5 7 12 17 19 20 22 23 25 27 36 37 38 40 46 50 53 55 63 64 65 71 72 73 78 84 89 90 91 106 110 113 117 121 125 128 134 135 138 140 141 146 149 155 160 163 165 166 167 168 171 173 176 177 185 186 189 191 195
62 3 6 12 22 23 25 26 28 31 37 39 43 45 46 49 50 54 57 62 63 66 71 77 78 79 85 86 91 98 100 101 102 111 114 115 116 118 121 128 138 139 145 148 149 152 153 154 155 156 160 161 166 168 171 175 183 184 186 193 194 195 199
68 5 7 10 19 22 23 30 38 42 45 51 52 53 57 58 61 63 69 73 74 79 81 84 86 92 95 96 98 100 104 112 114 116 117 118 120 122 125 126 127 128 130 136 140 143 145 146 149 152 154 155 157 166 167 168 173 177 180 182 185 186 189 190 193 195 196 198 199
72 0 2 3 4 9 15 16 19 20 23 24 25 26 28 32 35 37 44 47 49 53 54 59 63 64 67 73 74 76 78 80 84 87 88 90 92 93 94 99 104 108 112 114 125 128 130 133 134 135 140 146 148 150 151 152 156 161 163 164 167 169 175 177 179 182 183 185 187 188 190 195 196
65 0 2 4 7 9 10 14 17 22 23 24 26 27 28 35 40 41 44 45 51 53 56 59 64 68 69 72 76 78 83 89 91 92 94 96 97 101 102 107 109 111 119 120 123 126 128 139 143 145 148 151 159 166 169 170 173 175 176 178 181 183 184 192 193 194
70 0 1 3 5 14 15 22 23 26 28 32 35 36 42 43 46 47 50 52 53 56 57 59 60 62 64 69 71 72 76 80 82 90 92 95 97 104 105 107 108 110 116 119 126 127 130 132 135 137 138 139 145 147 149 156 158 164 166 167 168 171 175 176 178 180 182 183 184 195 198
57 0 3 8 9 10 24 26 27 30 31 35 45 50 54 55 59 60 61 62 66 74 75 76 80 86 88 95 96 97 103 108 111 112 116 118 123 126 130 131 134 138 139 142 145 149 150 152 153 161 162 173 175 180 182 188 194 199
67 2 4 5 9 13 15 17 19 22 24 27 29 30 39 40 45 50 51 52 55 63 66 67 73 78 81 85 86 91 93 94 96 97 99 102 104 114 115 117 120 127 128 129 130 132 133 135 137 143 145 146 149 154 155 156 157 158 161 166 171 181 182 183 185 189 190 191
61 2 6 10 12 16 20 25 30 34 36 37 38 40 42 44 45 49 51 61 66 70 71 73 76 91 92 93 97 98 100 102 103 105 111 112 121 127 135 136 137 138 139 141 148 150 151 157 158 162 168 173 175 176 181 184 188 189 190 191 192 196
57 3 14 15 19 21 22 27 28 32 34 41 42 45 46 50 55 66 73 79 81 86 95 97 99 100 102 104 106 108 111 112 117 119 130 136 137 143 144 145 148 149 151 153 155 167 169 170 171 172 173 174 180 182 184 186 187 191
68 0 2 3 7 8 17 19 24 25 31 33 35 44 51 52 55 58 59 62 63 67 68 73 75 76 79 80 85 88 90 96 99 100 108 110 112 117 118 120 121 130 131 133 139 140 142 146 149 150 151 152 156 158 164 165 169 172 175 178 181 183 188 189 190 192 195 197 199
77 0 5 7 8 9 10 25 26 29 31 33 34 37 40 41 43 45 54 55 56 57 58 59 60 62 63 66 68 70 73 76 77 86 89 91 92 95 99 100 101 103 104 106 108 111 112 114 115 117 122 124 126 127 133 136 137 146 147 148 150 156 157 158 163 165 167 168 174 180 184 186 189 190 191 192 195 199
53 1 5 10 18 21 22 25 26 32 33 39 42 62 67 75 76 87 90 93 95 99 102 104 106 109 116 117 120 124 125 126 129 130 131 132 138 141 143 152 157 160 163 164 166 167 168 169 170 171 173 177 182 188
67 4 7 8 12 14 15 18 20 31 33 36 44 47 49 51 52 54 60 61 62 65 68 70 73 80 83 87 89 95 97 102 103 105 107 108 114 115 117 118 123 126 134 135 138 139 142 143 144 145 149 151 152 153 162 164 166 170 172 177 178 179 182 184 194 195 196 199
68 9 10 11 16 17 18 22 23 24 25 32 42 44 46 47 48 49 50 51 53 55 57 59 60 66 67 69 74 77 82 85 86 92 95 97 101 104 106 107 108 109 115 116 120 128 137 140 147 150 155 158 159 163 164 165 167 170 172 174 175 176 177 178 190 191 193 195 199
65 4 5 6 14 15 16 18 25 26 33 38 39 41 47 55 58 59 65 67 72 74 76 78 91 99 100 102 104 105 112 116 117 118 119 122 124 125 129 130 131 136 138 141 143 145 146 147 148 149 151 155 157 166 172 175 178 180 182 183 185 187 191 194 195 198
69 4 5 9 10 11 12 13 14 16 18 22 23 24 27 28 30 31 34 36 41 42 43 46 47 53 59 60 63 65 68 69 71 73 76 77 78 81 90 93 95 100 103 106 109 113 116 123 125 128 143 144 148 151 156 158 162 163 164 168 172 175 179 182 183 185 192 194 198 199
54 6 10 12 23 24 25 26 32 35 36 38 39 40 44 46 47 58 62 63 66 68 75 79 87 90 91 92 93 95 96 98 99 107 110 113 121 122 124 127 132 137 138 141 143 151 156 160 171 181 182 184 188 194 196
63 0 1 7 9 12 14 15 16 17 28 34 40 41 50 53 55 59 60 64 66 68 69 70 74 76 79 83 87 90 96 98 100 104 106 108 112 115 120 121 126 128 130 131 134 137 138 140 142 143 145 149 157 162 164 165 166 168 183 184 186 187 191 199
87 1 3 5 7 9 11 12 13 15 17 19 24 25 26 28 32 33 35 36 37 38 40 42 48 51 53 54 55 56 60 77 80 82 84 85 87 88 96 97 99 100 101 105 107 109 112 113 115 118 123 127 128 131 134 139 140 143 145 146 149 150 153 154 155 159 160 161 162 163 165 168 171 172 173 175 177 178 179 180 185 187 188 189 190 193 194 196
67 0 1 3 4 8 12 13 17 21 22 29 30 32 39 40 41 46 54 58 61 69 72 74 77 84 86 89 90 92 100 101 104 107 109 110 112 116 118 119 121 129 133 134 135 138 140 141 142 144 151 156 158 163 171 173 175 176 180 181 187 188 189 193 194 195 196 197
65 4 5 6 14 19 27 28 29 31 36 40 41 43 47 56 57 62 63 66 68 74 75 76 77 78 79 84 85 88 90 96 97 100 101 102 107 110 111 112 116 117 121 122 125 126 133 135 139 140 141 149 158 164 167 169 173 174 176 184 185 187 189 190 192 194
64 3 5 6 10 11 12 16 17 22 24 29 33 35 40 41 42 43 44 46 52 55 61 68 73 76 84 89 93 95 98 100 104 107 112 113 117 121 122 128 130 137 143 147 148 149 156 160 161 166 168 171 174 177 179 180 181 183 184 186 190 191 192 195 199
60 1 2 9 12 13 20 26 27 32 35 40 43 44 45 46 50 53 57 59 62 68 71 72 74 80 85 92 95 104 109 113 114 117 122 124 126 131 133 137 138 141 147 149 153 156 157 159 162 164 165 166 167 169 173 176 187 189 190 192 195
61 4 19 20 23 26 27 29 38 40 41 44 48 50 51 53 58 62 73 74 76 77 83 86 88 90 91 93 95 96 98 103 107 110 112 114 118 120 122 126 129 142 143 145 146 149 154 156 157 159 161 163 166 169 170 171 180 191 192 194 195 196
50 7 8 10 20 23 30 31 34 44 47 50 55 59 60 61 64 67 69 70 71 72 82 83 87 102 104 110 111 115 119 120 122 124 127 129 132 136 144 145 153 154 155 162 164 169 173 174 181 184 186
63 5 6 13 19 20 26 27 28 32 34 39 42 44 46 47 52 53 56 66 69 72 74 78 80 81 84 91 94 99 100 102 104 113 116 121 127 136 138 139 140 145 147 149 153 155 158 162 164 169 170 173 174 176 180 181 183 185 186 187 190 191 192 199
66 1 3 4 7 10 14 15 16 17 19 28 30 32 33 34 42 44 47 58 59 65 66 67 68 69 70 81 86 89 90 91 93 101 102 110 111 112 113 115 116 117 128 130 131 132 135 136 139 144 145 149 150 158 160 167 174 175 176 181 187 188 193 194 196 197 198
67 0 1 4 5 8 9 14 15 26 27 30 31 36 38 42 46 50 52 55 57 58 60 61 67 68 74 79 80 81 87 91 92 98 99 115 118 122 123 126 128 130 133 136 137 142 143 144 147 148 152 155 157 158 165 167 174 175 176 180 181 182 183 185 193 195 197 199
61 3 4 5 9 13 21 22 23 29 31 32 36 51 55 57 58 59 60 63 70 73 75 76 81 84 89 92 95 108 111 112 114 115 116 118 119 121 127 132 133 136 144 145 147 148 151 152 153 154 156 158 159 165 170 172 175 177 180 191 198 199
62 1 4 5 9 11 14 20 24 28 31 40 45 49 54 55 60 62 63 65 74 77 85 89 95 96 99 100 103 107 108 111 118 120 121 124 127 128 129 132 134 135 137 141 142 144 145 151 153 164 166 171 172 174 178 181 183 186 187 188 189 190 198
52 0 6 7 8 10 13 17 18 20 27 29 39 40 44 48 50 51 56 57 62 74 75 77 80 87 89 92 96 97 98 101 109 111 113 118 121 131 132 138 144 150 153 156 166 175 177 178 180 184 189 195 198
51 8 10 13 15 19 23 25 27 29 39 55 56 57 59 61 68 72 76 81 87 92 99 104 106 107 109 112 115 118 122 126 128 132 133 135 137 141 144 149 157 160 168 172 176 178 181 187 189 191 195 197
69 3 5 6 12 13 17 18 19 24 29 34 35 38 48 51 55 56 57 59 61 63 66 67 68 73 75 76 77 78 81 82 83 89 95 98 107 109 110 111 113 115 116 117 118 122 123 127 129 130 132 133 134 136 141 154 158 159 160 161 163 172 182 187 188 192 195 196 197 199
63 4 6 8 12 13 21 23 24 28 34 36 40 42 47 49 54 63 65 72 73 77 79 81 82 83 92 95 96 98 103 104 105 108 114 116 118 124 125 127 131 136 141 142 143 149 151 152 155 156 161 162 167 173 174 175 181 187 188 191 192 196 197 198
76 1 2 3 4 5 8 9 14 17 19 22 24 25 26 29 32 35 38 39 40 41 43 47 48 50 53 56 59 61 64 76 78 79 84 85 86 90 93 94 99 100 102 112 116 125 126 127 128 129 130 132 133 136 137 139 143 144 146 153 155 156 160 166 167 176 177 179 182 183 187 189 190 194 195 198 199
61 4 7 8 10 19 24 28 31 33 35 45 48 52 54 55 60 64 67 69 70 73 77 81 84 87 90 94 95 97 105 118 119 120 122 126 131 132 133 138 142 143 144 145 151 152 153 161 164 165 168 169 176 177 180 183 186 193 194 196 197 199
67 5 6 8 10 13 19 21 24 27 34 44 48 52 54 57 59 60 62 66 68 70 71 73 78 80 89 92 93 94 98 102 103 107 108 113 116 120 123 124 125 126 127 134 136 147 152 153 158 159 162 164 167 168 170 174 176 178 181 183 184 185 187 188 191 192 196 197
75 0 1 4 11 13 14 16 19 26 31 32 36 40 43 51 56 57 64 66 67 68 69 70 74 77 78 79 81 82 84 85 89 92 94 98 100 107 110 112 113 114 115 117 118 119 121 126 127 128 136 143 144 146 149 153 154 160 163 165 166 167 170 171 175 177 179 180 183 184 185 189 190 192 198 199
61 0 4 10 14 28 32 33 34 35 37 40 41 50 51 52 54 55 57 60 71 76 78 79 80 86 88 92 93 99 100 103 105 109 118 122 124 127 128 129 132 140 141 145 147 155 156 159 162 163 166 170 171 174 176 187 189 190 193 196 197 199
69 3 10 11 13 15 16 18 21 22 26 27 28 31 32 35 39 47 51 53 56 57 58 60 66 73 75 82 86 89 92 96 105 113 114 118 119 121 124 126 129 130 132 133 134 137 140 141 142 148 151 154 155 161 162 164 167 168 169 171 180 183 184 185 187 188 190 194 197 199
65 2 6 20 21 24 26 30 33 35 37 38 39 49 51 52 59 60 65 66 68 70 71 74 79 80 89 93 98 101 102 103 104 105 109 111 112 113 115 117 125 128 129 131 132 134 136 137 140 141 143 153 155 156 159 161 165 170 172 173 180 181 182 187 191 197
62 1 2 3 4 5 11 12 13 23 28 35 36 40 41 42 43 48 50 53 54 56 57 60 63 66 70 71 77 80 82 86 88 97 103 104 107 108 109 111 112 122 128 132 133 135 137 139 141 147 153 155 156 157 168 175 177 181 182 188 191 196 197
64 0 2 7 10 19 21 28 29 34 40 43 48 50 63 64 66 68 74 75 76 77 79 80 84 86 87 91 92 93 94 96 98 99 105 108 113 115 117 118 121 124 127 128 131 133 141 143 151 153 155 158 160 161 163 164 165 169 174 176 181 182 190 195 199
63 0 1 2 6 7 12 18 20 21 22 32 34 40 41 44 50 65 66 71 72 73 75 83 85 86 87 90 96 99 100 105 107 113 115 119 120 124 129 130 134 137 148 150 151 155 157 158 159 162 164 166 168 171 172 181 184 185 187 194 195 196 197 198
76 0 2 3 4 5 9 11 15 18 19 24 29 31 35 37 40 43 44 46 49 51 55 57 59 60 63 67 69 72 73 75 78 82 86 90 91 95 99 100 102 103 105 106 107 109 113 114 120 122 123 124 130 132 133 134 135 136 142 145 146 148 150 151 152 154 161 166 168 170 171 175 178 188 190 194 196
55 0 9 14 15 22 30 31 33 37 40 44 51 52 56 60 68 70 71 77 81 82 87 94 96 102 112 114 117 120 129 136 140 141 151 154 156 159 160 161 162 163 167 169 171 173 175 176 179 186 190 191 194 196 197 199
63 10 11 15 16 21 25 26 35 37 41 42 43 45 46 49 51 54 58 59 60 61 66 72 79 81 88 91 98 99 102 103 105 106 107 108 109 111 116 119 123 124 127 128 131 133 135 137 143 147 149 150 153 158 167 169 172 178 181 186 188 190 191 197
60 3 4 8 17 23 25 26 31 35 42 45 50 52 54 57 59 61 63 67 71 79 89 92 94 96 100 102 103 106 108 109 110 114 116 117 119 130 132 134 138 141 145 146 150 154 163 171 175 178 179 181 182 186 188 189 190 195 197 198 199
65 3 5 6 13 14 16 18 19 20 26 28 31 36 37 44 46 47 49 53 56 57 58 61 64 65 66 68 69 74 75 78 79 83 89 90 91 93 97 100 105 112 113 114 121 122 132 139 141 145 151 152 153 156 159 163 165 166 168 169 181 183 185 192 195 199
56 2 3 7 10 14 16 18 25 26 32 36 39 41 43 49 65 68 79 80 81 90 92 93 96 97 107 109 110 111 112 114 120 123 127 131 137 140 144 146 147 150 151 153 154 164 165 167 170 177 179 185 187 189 190 193 198
58 0 2 6 7 8 10 21 22 27 28 29 43 55 58 63 64 65 73 74 83 84 87 92 94 95 100 101 105 107 109 110 111 113 118 132 133 136 139 141 142 145 146 148 155 158 168 172 174 175 178 181 182 183 188 192 194 198 199
69 0 1 3 6 10 12 14 20 22 24 25 29 35 38 43 49 50 53 54 55 56 57 60 63 64 69 74 76 80 83 85 86 88 90 92 95 96 99 102 105 107 108 111 114 118 121 123 124 127 131 132 134 139 140 141 142 145 146 155 158 162 164 177 188 189 190 194 198 199
66 2 5 14 17 18 19 20 24 27 34 36 49 52 55 60 64 65 69 70 71 72 76 77 78 82 84 85 89 92 93 96 97 107 111 112 117 120 122 123 124 130 131 134 137 143 147 149 150 152 154 160 162 165 168 171 173 179 180 182 183 184 186 188 196 197 199
64 1 3 6 9 10 14 17 18 20 23 25 28 31 38 39 43 50 55 58 62 63 65 68 70 76 77 84 86 90 91 93 96 100 102 108 113 115 118 119 122 124 125 133 136 138 139 142 143 144 147 148 153 156 163 166 168 170 172 182 184 185 189 197 199
66 0 1 3 5 7 8 12 15 16 19 24 26 31 34 36 42 44 47 50 54 56 57 58 63 64 66 67 73 80 84 86 87 97 98 102 105 109 112 120 121 122 123 127 130 138 141 145 154 163 164 167 168 169 170 171 172 173 174 182 185 186 187 190 194 195 198
63 2 3 5 7 8 10 18 19 24 27 33 35 37 45 49 53 54 55 56 57 58 59 61 64 65 70 71 75 81 82 83 84 85 89 93 95 103 107 108 110 116 121 124 126 131 137 142 146 149 153 161 164 165 166 170 172 178 185 188 191 192 193 197
67 8 9 11 13 19 21 24 28 31 32 34 35 36 38 39 43 49 50 51 55 61 62 65 68 75 76 80 82 87 89 90 91 94 101 106 108 117 120 126 127 128 129 133 135 136 139 141 143 147 148 149 153 154 157 165 171 172 174 177 179 184 186 187 189 191 193 194
65 3 4 6 10 13 15 17 18 19 20 29 30 33 35 41 44 50 52 58 62 63 64 66 67 69 70 71 75 77 78 81 83 85 96 97 99 103 104 106 108 114 115 118 122 123 129 131 135 144 147 148 152 153 157 158 162 164 165 166 182 183 185 190 193 198
70 1 8 17 19 20 22 23 24 25 26 27 28 31 36 38 39 42 43 44 45 48 49 51 53 55 56 58 59 60 65 66 67 75 81 88 91 96 99 106 107 112 116 119 121 124 126 131 136 138 140 142 143 148 149 151 156 159 164 171 172 173 176 177 179 184 189 192 194 196 198
64 6 11 16 19 23 24 25 27 30 31 33 35 37 39 42 43 46 50 51 53 54 57 60 63 65 73 74 75 77 80 82 88 89 91 92 94 96 99 101 108 110 115 123 124 125 126 128 131 132 145 146 149 150 155 157 160 163 173 174 180 182 188 190 195
57 0 14 18 22 23 24 25 26 31 32 33 34 37 39 40 42 44 45 48 59 61 64 65 68 75 79 80 88 89 92 95 98 100 102 103 105 110 115 122 124 125 126 128 134 135 145 151 153 167 178 185 191 193 195 197 198 199
68 0 3 6 7 8 9 19 22 24 30 31 32 34 37 42 44 46 47 50 52 56 60 62 66 69 72 77 80 85 86 95 97 98 99 102 105 106 110 112 114 119 126 127 129 136 141 143 146 152 153 155 158 161 163 166 169 171 174 175 177 181 183 185 187 191 195 196 197
60 9 20 24 27 29 30 32 34 42 50 52 53 56 59 61 62 64 65 66 68 70 71 83 85 88 90 91 105 106 108 109 111 112 114 119 124 125 132 133 136 140 141 148 149 152 153 156 163 164 165 166 169 171 173 177 182 186 189 192 199
70 1 2 5 16 20 22 24 28 29 30 32 39 41 44 46 47 48 50 51 52 54 57 62 63 65 69 70 75 77 78 81 82 84 85 93 97 101 108 109 111 114 121 127 131 137 139 141 142 144 145 147 150 154 155 156 157 164 167 169 170 174 177 185 187 188 191 192 193 196 198
58 0 1 4 7 8 10 11 18 21 22 23 28 34 39 51 58 62 66 69 70 78 81 83 84 92 93 98 99 108 112 119 120 123 124 130 134 135 136 138 139 140 145 146 148 150 153 155 157 164 172 174 176 182 188 190 191 197 199
79 0 1 2 6 9 12 13 16 18 26 28 31 33 35 41 42 43 45 51 52 53 57 59 64 65 67 68 69 71 80 82 91 92 93 94 100 101 106 107 109 110 111 113 115 119 120 122 128 132 134 135 136 137 141 143 145 147 153 154 156 158 162 163 164 167 169 170 175 179 180 182 184 187 188 190 192 196 197 198
52 4 9 26 31 33 36 39 41 43 50 54 58 60 61 63 71 72 73 76 78 79 83 98 102 104 105 106 115 119 120 122 123 126 136 138 144 147 150 154 157 159 164 166 168 172 182 185 188 191 193 196 199
66 3 4 5 6 7 12 15 18 19 23 27 29 30 32 35 42 43 48 54 56 57 58 64 67 68 70 72 74 82 84 88 93 95 96 97 98 103 105 117 120 129 133 137 140 144 146 148 150 152 153 154 158 159 162 167 168 169 170 172 173 174 176 179 181 185 196
64 3 8 11 12 13 15 24 27 28 30 38 40 41 43 47 49 56 57 59 68 73 74 76 80 83 94 96 98 103 106 107 108 114 116 117 121 124 135 136 139 143 148 150 151 155 156 157 159 163 165 166 168 171 172 173 177 178 183 188 192 193 194 196 199
65 2 3 4 5 6 8 13 14 15 16 19 26 27 31 41 42 43 44 45 46 47 48 56 57 58 62 68 71 75 78 83 84 90 91 94 95 106 111 116 126 127 129 138 146 149 150 151 155 157 159 160 161 169 170 172 173 175 176 181 183 184 185 186 194 198
68 2 6 8 11 12 13 15 16 19 21 22 26 33 35 45 47 55 59 60 61 62 64 68 70 74 78 80 83 84 85 89 91 92 95 97 103 108 109 110 111 115 118 126 127 128 129 130 132 134 139 141 147 148 161 162 165 166 168 173 176 180 182 184 185 188 189 190 199
74 3 6 10 11 13 17 20 23 24 27 29 32 37 39 40 45 46 47 48 51 52 55 56 57 59 61 67 70 74 75 76 86 89 90 92 100 102 105 107 108 110 112 113 114 115 120 127 128 130 141 142 145 146 150 151 156 157 161 162 164 168 169 172 176 177 178 182 185 186 191 195 196 197 199
61 0 3 4 8 10 12 14 15 21 22 34 35 40 41 50 53 55 59 60 62 65 70 74 77 81 82 83 99 102 103 106 111 113 115 119 122 123 134 136 140 146 152 153 155 156 159 161 163 165 168 172 176 178 179 180 182 183 189 192 196 198
63 1 4 5 8 11 14 16 17 19 20 21 22 23 35 42 47 49 50 52 56 57 60 64 65 67 71 81 85 86 90 91 94 100 101 104 105 111 112 114 118 119 121 125 127 128 133 138 140 141 142 146 153 155 156 164 167 168 181 185 189 194 196 198
71 0 1 7 9 13 14 15 16 17 19 25 26 28 32 33 35 39 40 41 43 50 53 57 58 60 62 69 75 81 84 88 90 91 92 94 98 99 101 104 111 113 116 119 120 122 123 124 126 128 134 143 145 147 149 150 154 156 159 160 163 164 165 166 168 170 179 188 189 193 195 197
57 2 3 6 12 15 18 19 20 22 26 28 34 37 43 45 48 63 64 66 69 70 78 79 80 81 82 83 84 95 102 103 104 110 114 122 124 125 127 129 139 142 152 153 156 158 160 162 166 171 173 175 180 181 183 191 193 194
78 0 2 4 6 8 10 14 17 19 20 21 25 27 34 37 39 40 41 42 44 45 49 54 55 56 68 71 72 74 76 80 83 86 87 89 92 97 100 101 102 103 105 106 109 112 114 120 123 124 125 126 127 128 135 143 145 147 151 152 156 157 159 166 167 168 171 174 177 180 181 182 184 191 192 193 196 197 199
63 2 4 5 6 11 14 19 23 24 26 27 30 36 37 42 44 46 47 48 49 50 52 53 55 56 61 62 63 66 68 69 73 80 81 84 90 91 97 108 110 114 115 117 118 137 140 143 146 148 150 153 158 160 162 164 168 176 178 179 187 189 193 196
65 2 4 9 13 18 19 20 24 28 29 31 36 45 46 48 49 53 54 60 61 65 67 69 75 81 82 83 85 86 93 95 96 100 104 105 106 108 112 114 117 118 120 124 129 134 136 137 142 144 145 147 150 151 153 159 163 169 171 173 175 176 186 190 192 195
75 0 2 4 13 16 17 18 29 30 33 34 38 40 41 42 43 47 48 49 54 57 59 60 61 64 68 73 76 79 81 82 89 90 91 94 96 100 104 105 106 108 109 115 117 124 131 133 138 139 140 142 143 144 145 149 150 155 157 159 160 161 163 166 169 170 172 175 176 179 180 181 183 186 188 198
59 5 18 26 29 31 34 40 41 43 44 45 49 52 54 58 60 63 65 72 73 75 89 93 94 96 99 102 103 105 106 109 110 111 113 114 119 121 131 133 134 135 136 138 141 142 149 151 153 159 162 171 179 180 186 190 191 192 196 199
61 0 1 6 12 21 24 33 38 47 49 50 54 56 59 60 61 64 65 66 67 72 74 76 79 92 93 94 97 98 99 101 102 113 114 116 120 121 124 132 135 136 137 140 144 146 152 156 161 165 167 170 171 172 176 177 184 186 189 192 194 196
69 3 12 14 16 17 20 22 33 34 36 37 39 40 43 48 51 53 54 57 62 64 66 67 71 73 74 76 78 79 82 83 85 87 89 95 99 100 103 104 112 117 129 133 138 139 143 145 147 150 153 157 158 159 161 163 170 173 174 175 178 179 180 184 185 186 191 192 194 196
62 1 2 12 14 15 17 19 24 25 30 36 37 38 39 40 42 44 48 51 54 56 58 59 60 70 76 77 78 79 84 89 90 92 95 96 100 112 116 118 120 124 131 136 144 149 152 157 158 162 164 166 168 171 174 175 178 179 180 184 186 191 192
76 0 2 4 8 21 26 30 31 32 33 37 38 39 46 47 48 49 51 52 53 55 56 58 59 60 61 62 66 69 72 73 75 76 77 78 79 80 84 86 91 93 98 99 101 105 115 119 122 124 130 131 133 135 143 148 151 152 156 157 159 161 162 164 165 166 170 173 175 178 190 192 193 194 195 197 198
69 1 5 7 15 16 20 24 26 28 31 33 34 36 38 40 42 44 47 49 55 56 57 59 60 61 65 67 70 71 73 75 77 78 80 82 83 85 87 89 91 103 104 112 115 118 122 123 128 131 133 136 138 139 141 142 143 146 152 162 164 171 172 175 176 177 178 180 196 197
62 3 5 6 7 13 14 16 20 25 27 32 33 34 35 37 38 41 46 51 62 66 74 80 81 87 88 90 91 94 96 98 100 101 108 109 112 121 129 130 131 138 143 145 146 152 153 155 157 165 166 167 169 172 173 174 176 177 181 189 192 193 194
66 1 3 7 8 13 16 18 23 24 27 38 43 45 46 47 50 53 54 58 60 61 62 69 70 71 72 74 76 77 79 82 93 101 103 105 107 108 110 114 120 121 127 132 133 137 142 144 146 151 152 156 160 165 166 169 171 173 174 175 177 178 188 189 193 197 198
61 1 3 16 17 18 21 26 28 30 33 35 36 45 46 47 59 64 67 70 72 73 78 87 88 90 91 92 94 98 103 113 117 118 119 122 124 127 128 130 136 137 143 146 147 148 149 156 157 158 159 161 163 167 170 173 176 177 178 179 192 196
68 3 4 5 6 8 9 10 12 17 21 22 32 35 38 39 41 45 46 47 53 59 60 65 68 71 75 77 78 83 84 85 87 88 93 95 97 98 103 109 113 114 116 120 124 126 127 129 130 131 134 141 142 151 152 157 161 162 165 168 169 176 180 182 183 184 186 188 194
71 10 11 12 13 17 23 25 26 29 30 33 35 38 44 48 49 52 53 54 56 59 62 64 67 68 69 72 74 78 80 88 89 91 97 99 100 107 108 111 112 116 117 119 120 121 122 123 125 128 129 136 139 141 144 151 156 160 162 163 164 168 169 171 174 177 181 182 183 190 191 198
63 0 8 11 13 15 23 25 26 27 32 34 38 39 41 49 54 55 58 63 64 65 72 73 76 81 85 92 100 102 103 104 106 107 108 112 115 116 117 118 120 121 123 132 135 136 145 156 159 161 163 167 172 175 176 180 182 183 190 195 196 197 198 199
63 1 2 4 7 15 16 19 21 23 24 25 27 30 36 38 41 42 45 46 51 53 54 56 57 61 62 65 67 72 74 80 82 84 86 88 89 90 102 114 115 121 122 124 126 130 138 140 141 150 153 163 167 168 171 176 177 178 183 186 187 189 190 193
57 0 2 3 11 20 22 31 32 34 35 38 39 43 45 49 52 54 57 66 67 68 72 73 76 78 79 85 88 89 92 94 95 96 109 114 117 120 123 128 130 139 143 146 147 148 151 152 154 160 164 173 184 185 188 191 194 196
55 7 14 16 20 23 28 32 34 45 49 51 57 58 65 68 71 73 74 77 87 89 98 99 101 108 111 114 115 116 118 119 126 129 137 138 142 143 146 148 153 156 157 160 161 163 164 167 169 174 176 177 185 190 196 197
73 0 6 9 10 11 17 19 21 22 23 28 29 30 40 48 58 59 60 63 67 69 70 71 73 74 80 84 88 89 91 94 97 98 99 101 102 103 104 106 110 111 112 113 115 119 120 124 140 142 147 148 153 159 163 164 165 168 170 174 175 176 178 183 184 185 186 187 189 192 195 196 198 199
68 0 1 4 10 11 15 16 20 21 22 23 25 27 28 29 33 41 42 52 53 55 56 58 60 65 67 72 73 78 83 84 85 88 91 96 99 102 103 105 109 113 119 120 121 122 128 129 130 132 135 138 139 140 147 151 154 155 163 164 178 181 183 185 187 188 189 192 194
62 1 6 12 17 21 26 27 30 34 41 44 46 47 50 52 53 54 55 67 68 72 73 75 78 79 81 85 89 91 93 95 96 105 109 111 123 126 127 128 131 137 139 140 141 143 146 149 152 153 155 163 171 175 178 184 188 189 190 192 197 198 199
53 2 10 12 13 14 15 19 24 25 28 29 36 42 43 51 53 57 65 67 72 76 85 86 87 88 90 97 101 103 112 114 119 120 121 126 128 129 131 137 143 144 145 148 152 163 168 172 179 180 183 185 189 190
82 0 2 3 4 6 9 14 15 16 18 19 21 23 26 27 29 30 32 33 34 37 40 41 49 50 51 52 56 57 58 66 67 69 72 73 76 77 78 81 82 87 96 99 101 109 111 112 114 117 118 123 126 130 131 132 133 135 137 141 143 144 148 152 155 159 160 163 165 166 167 168 171 175 178 183 185 186 187 189 190 191 194
70 0 7 8 10 21 22 23 24 28 30 33 34 40 41 42 47 48 52 54 55 62 63 65 71 72 74 77 79 80 82 83 89 91 93 94 98 102 103 104 108 111 116 117 119 120 122 124 126 127 128 129 138 140 143 147 149 151 153 157 165 166 168 173 176 177 182 186 190 191 196
64 6 7 8 9 14 24 26 28 29 37 38 40 51 54 58 62 64 65 69 70 72 75 79 82 84 87 89 90 95 100 104 105 106 114 116 123 128 142 143 148 150 156 157 158 160 161 162 168 170 171 175 178 179 183 184 185 186 187 188 190 192 196 198 199
63 9 10 11 15 17 19 20 21 22 25 28 29 34 37 41 46 47 50 52 56 58 61 63 66 67 69 71 72 74 76 79 84 85 87 90 94 99 102 108 112 113 122 124 125 127 138 143 145 146 149 154 158 163 170 171 175 178 180 187 190 191 192 193
67 0 1 8 14 15 19 20 31 32 34 38 39 40 46 52 53 55 56 58 60 80 82 84 89 90 92 93 98 99 102 106 107 109 111 112 117 118 119 121 122 123 129 131 133 139 141 148 152 153 157 161 165 166 168 171 172 173 178 183 184 187 188 191 193 194 196 198
74 3 4 5 7 9 12 15 17 21 22 25 26 29 38 39 40 41 43 44 45 46 49 54 56 60 63 64 65 68 72 73 79 83 84 88 89 97 98 99 100 101 102 104 106 109 112 124 127 129 131 136 141 144 146 149 151 153 155 158 162 165 167 169 170 171 172 175 176 177 183 188 189 193 195
61 6 10 13 14 18 19 31 34 36 37 40 43 51 54 63 70 71 74 76 77 78 82 83 87 88 92 93 96 103 108 112 115 119 121 124 128 132 134 135 136 137 140 144 150 152 155 162 166 168 169 173 174 175 176 177 188 191 192 193 196 199
66 1 2 3 5 6 10 14 17 18 22 27 28 31 33 35 37 41 42 45 47 49 54 57 60 64 66 67 68 69 77 79 80 84 87 92 93 94 105 106 108 110 116 123 128 129 130 131 132 133 135 139 147 155 156 167 171 174 175 177 178 182 188 190 196 197 199
62 0 1 3 5 6 7 10 15 23 25 26 29 34 36 38 39 40 50 53 54 62 64 65 67 68 69 79 81 83 86 87 89 90 93 98 105 110 118 121 125 128 129 130 131 138 140 141 146 147 157 161 166 171 174 179 180 181 186 188 189 191 198
54 3 5 9 13 14 17 21 33 35 38 39 47 48 54 55 56 60 61 63 64 67 68 75 84 86 98 105 114 119 127 134 137 139 148 151 154 156 157 160 163 164 171 174 176 180 181 182 185 187 194 195 196 198 199
