576953568904555 30
21 0 1 2 3 4 6 7 8 9 10 11 13 14 17 18 20 23 25 26 27 28
21 0 1 2 3 4 5 6 7 9 10 12 13 14 17 18 21 22 23 24 25 26
23 0 1 2 3 4 6 7 8 9 10 11 14 15 16 17 19 20 21 23 24 26 27 29
17 0 1 2 3 4 6 9 11 12 16 17 18 23 24 25 26 27
21 0 2 3 4 5 7 8 9 10 12 13 16 17 18 19 21 22 24 25 28 29
23 0 1 2 3 5 7 8 9 10 11 12 14 16 17 18 19 20 21 22 23 24 25 26
21 0 1 2 3 4 5 6 7 8 12 13 15 17 19 20 23 24 25 26 27 29
22 0 1 2 4 5 6 7 8 9 10 12 13 15 16 17 19 20 21 22 23 26 27
23 0 1 2 3 4 5 6 8 10 12 15 16 17 18 19 20 21 22 23 25 26 28 29
22 0 2 4 6 7 8 9 10 11 12 13 15 17 18 19 20 21 22 23 26 27 29
23 0 1 2 4 5 6 8 9 10 11 13 14 15 17 18 19 20 22 23 24 25 26 27
23 0 1 4 6 7 8 9 11 12 13 14 15 16 17 18 19 21 23 25 26 27 28 29
23 0 1 2 3 4 5 6 7 8 9 10 11 12 14 15 16 18 19 20 21 22 25 27
21 1 3 4 5 7 8 9 11 13 14 15 16 17 18 19 22 23 24 25 26 29
20 1 3 5 6 7 11 12 13 14 15 16 17 19 20 22 23 24 26 27 28
24 0 1 2 3 4 5 6 8 10 11 12 14 15 16 17 18 19 20 22 23 25 26 27 28
24 0 1 3 4 5 6 7 8 9 10 11 13 14 16 17 19 20 21 22 25 26 27 28 29
24 0 1 3 4 6 7 8 9 11 12 14 15 16 17 18 20 21 22 23 25 26 27 28 29
22 0 1 2 4 7 8 9 10 11 12 13 15 16 18 19 20 22 23 24 25 27 28
21 0 1 2 4 6 8 10 11 13 14 15 17 18 19 20 21 22 24 26 28 29
20 2 3 7 8 9 10 11 13 14 15 17 19 20 21 22 23 24 26 28 29
23 0 1 2 4 6 7 8 9 10 11 12 13 14 16 17 21 22 23 24 25 26 27 29
25 0 1 2 3 4 5 7 8 9 10 11 12 13 14 18 19 20 21 22 23 24 26 27 28 29
23 1 3 4 5 6 7 8 9 10 12 13 14 15 16 17 18 19 20 21 22 23 26 28
25 0 1 2 3 5 6 7 9 10 11 13 14 15 16 17 18 19 20 22 23 24 25 26 27 28
21 0 1 3 5 6 8 10 13 14 16 18 19 20 21 22 23 25 26 27 28 29
19 0 1 2 3 4 5 6 8 9 11 12 13 14 16 20 23 24 26 28
19 1 3 4 5 6 7 12 14 15 16 18 20 21 22 23 24 25 27 28
23 1 3 4 5 9 11 12 13 14 15 16 17 18 19 20 21 22 24 25 26 27 28 29
23 0 1 3 5 6 7 8 9 10 11 12 14 15 16 17 18 20 21 23 24 26 28 29
